5000
808 1474
749 1059
4852 4893
907 3883
3850 4095
3869 4090
1057 4192
2633 3216
3110 3134
990 3876
2127 4593
851 1936
772 3634
475 2828
358 3929
1014 2435
4107 4729
2751 3960
4154 4299
1185 3436
2993 4436
977 3701
1889 3328
3988 4048
2070 3112
3028 3097
171 4134
2047 3158
1930 1974
3515 4631
1102 1753
647 3367
155 614
1314 1874
143 2915
565 4719
1513 4950
1705 2215
2537 4052
3055 4351
254 3758
371 4050
1857 3673
1001 2717
437 1666
383 1564
2207 2861
1221 2420
2631 4529
934 1498
2187 2753
2583 4978
24 4132
784 3964
2004 2624
2173 3294
258 935
757 2959
2996 4308
426 3897
2974 4840
3212 3645
2953 4572
4395 4815
94 1980
1855 3051
1275 1405
548 4075
668 820
400 2657
526 2201
3818 4827
2166 3022
1712 4706
50 1319
388 2083
1852 2835
1190 3251
110 3008
1893 3729
798 921
54 359
2000 3162
885 3493
1631 4150
472 3336
2221 2832
1711 4651
1112 1428
1560 2790
559 2954
587 1642
3643 3844
1068 1587
2630 3359
3018 4969
2185 3145
2104 4773
1451 2431
1726 4218
4441 4760
1149 3305
1756 2189
1313 2342
791 1471
220 2889
3398 4419
2404 4871
352 1572
329 1135
1004 1488
120 3599
11 814
2062 3642
2749 3612
3180 4757
2837 3090
3490 4963
4497 4570
1032 2912
2510 3497
476 1963
848 3973
4 1586
767 3587
510 1119
1684 2702
3489 4354
1720 4094
2019 4886
355 1449
1767 4473
2253 3482
1553 4194
1065 1103
2903 3222
1881 4296
1517 2049
1547 3413
2023 4564
2892 4510
1146 4884
705 2288
2254 4220
369 3742
3903 4285
1177 3670
3433 3658
512 4253
1811 3765
1033 1218
924 2502
727 3329
2627 3767
284 4387
182 4644
531 2152
2926 3823
2606 3062
4070 4700
319 903
226 4701
457 1692
743 2664
438 639
1381 1623
748 3719
1395 1808
2840 4182
79 3561
3239 4901
4233 4501
1816 2943
2318 4312
309 3199
201 3551
4114 4224
197 402
2031 2854
612 4813
1263 4365
4087 4927
2625 4587
289 1186
33 753
708 2433
1703 4466
1160 2536
2852 3714
2050 4152
3959 4211
3032 4386
429 792
2170 3010
2411 3454
3866 4548
1809 1907
887 2925
330 4524
2056 4914
960 1519
859 1323
2063 2715
1531 3153
3576 4566
76 1110
2772 4344
281 4037
1116 3721
1663 2553
1138 2670
219 4764
66 1253
1835 4416
1693 3102
1266 3859
1054 3638
995 3188
2234 2285
4384 4549
4064 4981
1676 2782
2057 4447
873 1782
2300 3460
2107 3335
1807 4925
202 1452
2275 3521
1056 2142
3851 4157
571 1421
2361 4880
3699 3934
799 2604
3269 4554
537 3700
1390 1998
173 4780
2622 2904
1356 4960
2975 3076
507 4665
2707 4277
236 3920
347 3668
3080 3415
938 3362
3114 3492
900 3138
3428 3536
1512 1602
2465 4437
1273 1863
1992 3745
2716 3739
3987 4085
1074 1422
2946 4248
2566 2608
1535 4976
1309 2989
1613 2081
243 1083
455 4696
630 1211
926 1248
2737 3518
513 4264
255 1462
3374 4080
4352 4519
129 3071
4057 4158
790 4907
894 2007
731 3467
39 2561
26 264
2813 4313
2896 3519
1573 2077
1797 2757
2983 3654
893 3130
17 4329
956 2775
245 4237
837 4084
2315 4788
740 3821
852 3947
806 3725
2509 4431
3192 3856
2434 2436
653 3963
1009 2268
1822 3419
1127 3641
962 1707
415 1681
1224 1308
1329 2806
2371 4894
1 2767
3242 3457
1667 4826
1267 1382
1876 3021
621 1247
2134 2462
1036 2824
65 843
525 4646
4391 4787
310 4126
1507 2524
1578 2724
691 2573
1183 3792
980 4799
666 4004
3757 4019
187 503
818 1777
2 4098
3206 3775
2596 4936
1358 1459
2756 3155
4533 4604
822 3397
1134 4191
613 2901
2092 3243
1496 3203
2508 4199
2230 3458
857 3225
2101 2814
2013 4072
657 1669
34 1657
742 1458
397 2466
4397 4979
2460 3302
983 2653
342 2555
1324 4268
622 1495
2659 4573
1011 1419
1685 4828
725 3878
662 4340
979 4105
4639 4734
1187 1417
739 3429
2220 4879
1281 4543
361 3119
500 1021
598 4476
747 2610
2927 3976
2494 2552
2242 2826
2335 2855
4350 4588
3870 4444
2131 2529
4483 4511
1655 2712
2120 2265
1070 2098
2597 3990
401 4661
4135 4256
1366 4974
3880 3888
106 4333
2674 3447
4784 4962
1073 2312
1501 2388
349 2582
2563 2729
4382 4982
2417 4400
999 3814
4175 4731
1744 3495
90 840
4718 4890
1595 4060
4265 4803
1607 4532
205 589
4032 4376
870 4952
4282 4863
594 4129
1696 2527
3805 4373
1063 3730
769 4959
4031 4869
2612 4526
2232 3270
335 2952
831 2087
3760 3922
1022 4857
3323 3676
991 1672
754 4926
2877 4541
1709 1800
376 3142
1069 3646
771 1787
2008 3125
1058 4590
3884 4036
2233 4369
247 2021
2303 3773
2745 3863
2394 3736
1823 3261
1591 3324
3472 4786
3185 3879
3113 4156
227 4748
1484 3372
3704 4122
888 3680
176 2874
185 2452
1947 3898
823 4005
3325 3902
1981 4891
128 422
633 4778
285 1867
123 2726
690 4783
63 3787
2419 3840
648 1265
1494 2053
2884 3630
52 988
259 1975
1430 4745
518 1342
2177 2651
1820 3449
107 478
21 996
4137 4342
3281 3800
74 3201
1818 4328
2691 2818
2629 3510
2141 3566
930 2179
1783 4983
1475 3733
891 3986
1616 4375
1188 4496
872 3563
570 2362
2928 4986
0 777
3300 4486
3830 4494
750 3627
916 4106
2136 3606
2458 4073
1897 4542
3274 3399
125 2616
149 2147
2115 3411
4174 4990
1680 2241
3031 3170
2871 4563
2447 4559
2405 3500
3307 3833
3246 3635
364 608
334 714
4327 4534
860 3481
203 4270
2176 2294
362 4229
31 3124
105 928
2459 4753
2971 4155
3506 4065
575 4966
2663 3392
1900 3832
158 978
9 4323
954 1688
2028 2725
3240 4170
2540 3065
1210 3697
2564 3348
1536 3671
2879 3553
1913 3761
3882 3975
2424 3650
2029 3027
4747 4752
813 1096
3974 4503
3298 4895
3273 4896
398 1232
1099 2576
3303 4180
726 1052
604 1100
2862 4099
993 1814
3178 3753
1640 4133
3727 4645
4445 4838
2280 4102
2073 2252
3013 4301
237 1627
1589 4743
4636 4781
3271 4321
2169 3726
1418 3446
519 2020
449 3838
1397 4463
1228 3350
318 1378
249 3318
23 1546
2383 4207
675 1385
1944 3984
48 4071
75 1584
88 770
1504 4331
774 4360
1819 4617
1062 3772
3802 4874
3219 3520
958 1941
124 1125
3819 4765
278 1927
953 2558
83 969
2968 4377
44 1772
579 4370
497 3427
212 549
645 2984
1303 2909
577 1060
3400 4664
1951 2516
1277 2355
456 3545
1926 2401
635 4394
4693 4883
1345 2786
3539 4674
1226 2196
391 396
1976 4627
874 2475
466 1347
762 3477
640 1750
2685 3414
601 2009
2321 4183
224 692
720 3450
2442 3038
1706 4597
2429 3015
1491 2807
316 4241
2117 3499
773 4866
274 682
2291 4339
1380 2914
150 2836
1121 3326
1821 2198
1611 4278
2006 2359
2486 3356
807 970
1383 2495
3095 4537
308 3224
603 1644
403 2678
3091 4517
634 3365
2237 4581
1977 3034
1856 4625
1966 3542
886 2471
3128 4120
1955 3334
1239 3193
1340 3310
440 1925
1946 3465
233 3809
3384 4824
3444 4662
1317 4844
2863 3049
1359 2135
165 987
2279 3849
3197 4498
1237 4870
1231 2623
672 3223
655 2111
3771 3825
3236 3864
2157 4798
252 1723
3637 3731
109 4872
448 4889
1792 2800
687 3895
297 3088
709 1558
303 2393
2748 3434
1147 4165
2754 2955
593 4454
1943 4922
463 4028
2496 3137
461 4957
382 3776
929 2264
2015 2991
2076 3283
1272 4455
641 4875
1023 3585
2666 4692
3205 3259
892 3352
2322 2448
2703 2918
1055 3571
540 3378
2055 2619
1871 2815
490 1635
3342 4140
1326 2742
2825 2981
706 3282
2485 3462
942 4318
1958 4453
343 572
2654 3534
741 3309
160 2827
2373 3069
4113 4848
2628 4063
1008 2812
22 177
4181 4449
1252 1636
292 4138
982 2178
1299 1679
47 1212
256 1089
975 1877
250 2427
213 4993
443 1321
1492 3344
4458 4918
2372 3099
2497 4011
585 1194
1543 2635
1320 4628
2174 4596
3106 3108
2036 3664
917 1583
1472 3033
221 686
712 4634
102 3815
135 948
1918 3221
204 4234
3459 4565
2064 2259
3409 4358
2369 3684
2210 3256
2618 3829
3908 4817
1018 4683
3371 3781
296 2865
3442 4324
950 2736
228 2413
756 1352
1914 3406
2138 3373
3233 4240
2859 4818
1123 2307
1260 1423
3173 3257
3396 3885
2082 2195
2755 4286
734 3678
1026 3141
1786 2378
3496 4712
3189 4704
2445 2817
4281 4624
1630 2034
314 4043
2113 2728
230 4878
1646 4482
1048 3346
3067 3583
735 923
1653 3498
1916 4480
263 3395
1552 2172
4916 4955
1541 3167
2181 3677
1555 3966
1632 3901
1717 3159
1287 4842
339 3249
4002 4954
4574 4854
2662 3004
2857 4304
2011 3292
469 2451
2281 3703
1522 3524
71 214
1886 3806
2347 2706
3633 3710
1740 2046
2668 4650
2672 3997
1300 1434
2559 3441
2205 4033
1719 3529
146 3558
387 2479
3817 4578
2453 4169
3011 4059
764 3416
1051 3244
4658 4746
718 2184
15 1436
69 2844
408 4067
854 3969
3150 3713
3779 4513
2731 3735
199 2487
4550 4909
2392 3953
1567 2416
1341 2290
1087 3983
2370 4316
3382 3919
4142 4676
268 3790
2257 3174
2643 3978
1047 4055
436 3834
3777 4931
328 2363
1464 4266
1608 3656
700 2792
1687 3708
2339 2930
937 3231
1350 4862
4167 4269
1869 4159
3619 4176
1748 3105
4081 4864
1502 4457
1533 2987
724 1882
523 2973
493 3232
2353 3266
216 2461
555 1097
649 3893
625 2577
4421 4456
2698 3439
1784 3747
850 2543
87 3589
2182 2385
91 710
269 1477
2155 3100
693 3111
1198 3657
2579 2848
674 4867
3743 3948
10 796
267 704
3945 4147
1235 3616
3306 4452
2153 2851
1412 4599
1370 1838
3961 4898
1372 3835
623 2044
810 3036
1982 4161
2947 4039
524 4274
103 945
2262 4123
450 2940
1176 1846
1569 3573
590 1453
4399 4586
1542 3163
560 883
1865 3058
637 2906
1242 1764
1718 3204
3217 4656
1668 2535
1200 3332
195 4261
2384 3005
1483 1582
280 4273
4221 4239
2811 4555
3208 4802
879 2430
317 3478
3215 4568
4092 4330
5 3994
1206 4804
3260 4442
1599 3487
168 3144
1993 4635
1559 1858
3139 4855
677 3194
2188 3812
41 819
1577 3513
1336 1620
2016 3907
3092 3705
2274 3995
514 3074
28 4698
494 1701
80 3387
1258 1961
18 3470
365 2133
3035 4121
853 1978
1291 2876
994 3562
1351 3603
97 4127
137 4835
2052 2704
2277 2722
543 4228
147 2398
1997 4009
277 1940
1415 3358
2932 3579
486 1959
804 2183
2921 3860
2390 4775
2045 3509
1155 3245
1905 4652
1071 3050
811 2348
1086 3992
2680 4814
1079 1304
1443 4861
164 1758
104 3862
488 4367
702 4405
736 3791
1757 3715
2094 2998
2122 3660
1213 3390
460 4139
2102 3746
1656 2864
154 4530
2190 3341
3075 4186
1691 3405
626 4997
1689 3511
2099 3263
294 462
717 3081
58 210
1708 3631
82 4424
2795 3107
100 591
802 3597
2878 3565
1256 4484
1601 2449
178 4110
931 3025
1391 3724
2256 3796
1524 1544
1923 4462
2289 2457
1698 2641
3030 4603
2656 3632
914 1518
312 2186
4015 4222
520 4673
2799 3798
869 1965
3889 4762
2329 2397
2306 2569
632 2297
300 1111
828 2562
2788 4021
3778 4459
1878 4317
4585 4991
1408 1610
2607 3811
2801 3066
861 4322
1180 2787
357 4041
288 2470
3831 4366
1207 2548
511 2652
1182 2391
451 4014
32 964
825 3915
1203 3267
167 4042
3996 4115
2161 4490
1189 4172
889 3581
1873 4062
699 4359
1219 3437
607 1615
1124 2482
1659 4010
606 3768
92 1736
1046 3667
619 815
1353 2217
2283 2455
55 4214
517 4415
1499 3998
242 4171
4016 4580
420 3168
3592 3872
2270 3420
2246 3789
2090 3943
2743 3912
1250 2671
116 654
1049 1919
208 2789
1357 4720
2491 3999
2785 4236
1020 4013
877 4935
1879 3629
1779 2483
3210 4044
902 3782
283 4385
305 4715
2272 2600
3297 4235
1141 2223
482 1523
3002 4841
2660 4251
3537 4481
529 1439
3848 3892
211 4536
3388 3873
1264 2387
846 3317
3001 3946
2406 2822
1868 2773
2130 3234
1429 3766
2344 2964
4846 4913
191 4806
2647 4403
722 4868
156 3820
1731 4027
4468 4735
2222 3176
3200 3556
564 1733
2490 3220
788 918
884 4670
1403 2309
1081 3707
1588 2323
3322 3717
2216 2890
3360 4686
2683 4582
1167 2898
3552 3662
3117 3218
1077 3720
782 2192
325 2123
1755 3408
1581 4560
1222 3810
1469 2018
957 2567
2549 3313
1270 2768
1566 4438
1274 1849
1368 2752
2780 3417
2106 3229
2575 4030
4422 4812
1404 1454
836 1139
35 3691
428 1215
1161 4556
1168 4691
2317 3682
758 3291
615 4357
162 4388
1396 1445
1031 1227
1894 2204
1617 1766
1348 4374
3421 3661
59 4089
4379 4389
181 4821
246 3394
1862 4609
372 4943
1605 4464
3383 4023
1649 3954
1562 1774
474 2637
663 1866
609 781
467 1647
586 4185
175 1827
3649 4853
3182 3683
1478 4361
484 3548
2039 2982
2360 2522
646 3115
1924 2148
389 3803
99 2349
2410 4607
2085 2357
1413 2441
1789 2849
2108 3014
1704 3175
1885 2124
4465 4845
1530 3211
1288 2650
1286 2022
1902 2202
567 4091
3674 4478
1721 2258
1770 4263
1884 4938
1294 4678
778 1970
941 2380
673 4396
1734 3118
2869 3084
190 2727
1991 2841
1027 1039
1603 4600
1363 2642
530 1374
409 1199
805 940
4618 4885
2526 2985
664 1128
4761 4930
761 4000
2634 3093
193 1590
1933 2206
140 1367
865 2292
3554 3930
1576 3466
299 2538
1985 4287
1825 4988
1191 2068
516 3019
311 322
833 2255
3543 3861
1651 1759
4163 4219
2381 2648
1297 2235
298 4989
302 1427
126 984
909 1614
1911 3610
1238 4540
3227 3312
620 3977
2919 4970
3029 3795
3507 4038
1853 1860
1661 2299
856 1593
2295 3852
826 1000
3 2511
3793 4834
1114 4900
29 4488
4485 4977
2594 2900
139 2093
2586 2960
1406 2037
3666 4668
2159 2440
2156 4244
3376 3914
2163 2908
152 780
84 3418
1525 2665
2513 4262
1268 4561
1952 2750
1612 3716
2568 4430
20 1988
943 1765
876 1335
2014 3152
3381 4289
179 4078
974 1028
1431 2249
27 1393
1373 2944
1791 3750
1637 3485
1254 1473
1244 3570
373 1035
1665 3972
588 3280
986 2730
2761 4047
1503 2870
965 1500
1279 4722
2456 4213
1727 4640
2999 3687
2145 3695
480 1398
1854 4215
222 1682
542 4522
425 2556
57 2699
132 2598
1339 4166
306 3622
2250 3349
446 2519
847 2803
1743 2689
1392 2110
3169 3665
1793 4471
3079 3461
1962 3613
901 4921
1461 2738
1571 2546
3900 4769
315 3512
95 4143
553 1508
4247 4972
1903 4401
1824 3596
1837 3154
2468 2578
1880 3327
2001 3254
715 4432
3228 3692
3087 4654
1193 2314
46 779
1714 4022
244 2933
327 955
723 4671
751 1629
2617 3315
933 3991
3207 4160
138 3143
2834 3357
433 1724
2517 4637
293 3355
1929 2311
763 4695
1075 3379
62 1864
545 2128
2858 2868
881 1271
1400 4112
905 1025
1334 4258
1799 3526
2078 3483
2972 3289
1678 3985
3569 3924
2845 4791
3531 4056
1979 2226
321 3942
51 101
1006 2112
473 2766
1728 2853
783 2655
1830 2276
3476 4461
1875 2887
1104 4528
844 3479
272 1315
1447 3891
776 2723
797 821
2278 4507
1105 1479
85 1262
1162 2760
2931 4477
2719 3060
1780 4626
866 2033
2402 2937
1120 4297
1942 4694
73 745
81 4739
1749 4687
1575 1840
3009 4948
341 1152
3517 4378
4035 4338
1934 2995
393 502
159 3655
4414 4611
2677 3555
1781 2551
871 1695
1442 4763
189 1815
1466 3620
1432 2505
1817 4947
2224 3343
86 4149
660 2735
1847 4083
3258 4592
563 1529
1376 4750
481 679
113 547
1465 4996
1906 2695
421 1159
1284 1354
2244 3759
157 3549
2599 2791
1007 4409
1971 2194
3061 4291
2626 4703
1038 4390
4525 4714
515 2963
70 1389
3364 3593
338 4356
561 1972
419 1362
2895 3072
169 3404
787 3319
427 3085
1201 2493
416 2331
1365 1497
3807 4141
3738 4847
785 1760
2114 2885
556 3147
1769 2400
3431 4243
2425 3048
491 3842
841 1402
2048 4448
196 2072
599 4800
2139 2144
2875 4721
2714 4756
2038 4119
353 3572
136 4193
3547 4006
1067 4423
442 2907
1702 3690
580 946
117 4514
618 2732
3595 4805
304 2017
4632 4839
527 3078
1973 4124
1470 2146
932 2530
3043 4669
1101 4655
4657 4920
231 1641
2808 3451
186 1328
1550 3604
2587 2611
3435 4108
2499 3338
711 4648
64 4288
1296 2860
2492 4942
2949 4785
2010 3702
1170 4290
2639 3403
36 3896
2917 3911
1154 1964
98 2103
2692 3675
2747 3133
4302 4770
602 3380
2313 2922
1306 2965
2794 4146
1487 3127
3077 4364
1574 1771
3064 4794
1768 4049
1344 2428
3689 4967
849 1440
119 1410
951 3639
1633 4897
183 4205
2571 3535
509 2935
2140 3541
1506 3625
260 3377
992 3927
2316 2474
2438 2476
636 896
3214 4985
2051 4999
444 1369
1795 3857
3264 3285
667 1674
1298 4177
3255 3905
1230 1457
2422 2957
40 3601
2897 2958
2228 3651
1132 4446
605 2700
1245 4819
479 4941
2162 4822
1803 3799
3624 3868
1080 1826
1545 4808
1987 2614
1148 1197
1085 4613
1579 2340
2377 4924
4082 4246
2687 3617
2326 3296
3186 4816
1778 4187
1660 2026
386 4727
1106 2842
2308 2694
3615 3740
2193 2328
1460 1921
1568 4202
3301 4079
554 1137
163 4295
301 1870
241 2464
3527 4145
910 4298
2208 4971
3286 4506
1891 2358
696 3935
2839 4259
536 4649
596 2132
1600 4796
2229 4684
2833 3262
4493 4859
1209 4272
161 1715
1949 2065
1090 1293
2298 4689
1628 4025
1349 2042
676 2225
800 3734
1388 1557
2740 4319
1438 4433
2214 2506
89 1725
3648 4725
2364 3822
2030 3037
834 4427
760 3591
4203 4622
148 1842
1377 3899
1290 2739
3054 3949
569 1956
2354 3647
832 1379
4740 4940
323 4271
489 4440
2882 3957
3135 3808
2763 4995
1327 4843
417 1639
1015 3209
1915 3567
1954 3165
56 4633
144 1598
1192 2948
1851 4690
2798 3157
716 2129
912 4412
3709 4675
733 868
2831 4314
1450 2478
1650 4500
759 4759
628 732
508 2324
862 3958
1151 4130
131 1690
368 3471
2002 3056
3041 3598
1890 4300
1844 1904
38 2167
1521 4594
2779 3320
1441 3407
1196 1683
8 1305
1130 2302
2261 4516
2667 3166
2263 2386
3430 3438
346 4069
878 4225
3003 4579
1243 2886
2084 2351
2720 3749
1174 4602
1325 4672
404 1446
2675 4283
1548 3970
2260 3353
2696 2713
2846 3063
1387 1996
1225 3412
1044 3980
1292 4630
1776 1888
944 1805
3540 3722
384 3226
2507 4531
1066 4003
544 1399
1360 3330
863 4148
2990 3952
1634 4643
1794 4469
133 652
730 2979
496 4257
114 2415
19 1157
2041 2066
3532 4807
2350 4641
3202 4939
4311 4629
3770 4410
351 367
1302 4332
1645 2343
2880 3827
1493 3126
1848 4679
307 3171
1730 2439
766 3474
4380 4710
2100 2595
1115 3196
651 2644
600 3993
1145 4250
3463 4837
2191 3614
592 2245
2032 3039
1950 3070
829 3265
266 3287
407 3557
1282 2248
2721 2771
1163 4337
492 3748
477 3769
2143 3129
60 794
1278 1604
638 4100
2444 4733
4682 4751
2679 4595
1967 4850
539 659
2412 2574
971 2472
122 4188
3951 4832
505 2180
1229 3275
1361 1898
1989 3600
574 1580
1624 4512
1316 4381
331 2850
370 4054
172 3508
1140 4336
1872 2341
3916 4619
271 2418
582 729
2733 4708
1016 3913
344 4347
1486 4742
441 1108
141 1156
1812 4238
1754 4677
1310 4017
447 3968
1482 2040
2197 2382
701 4018
1928 1983
1426 3575
3488 3751
4515 4946
617 2200
581 966
265 1990
961 4774
6 375
1476 1670
1887 4190
3432 4904
390 2873
2327 3628
1456 4398
45 2209
2286 4949
1957 3538
3042 3696
816 2590
1126 4583
170 2089
118 3685
1017 4343
1420 4575
2962 4902
3122 4994
53 2934
1407 3917
2305 4077
1280 2584
898 1968
1003 2977
2891 3293
1829 4558
2710 3123
541 4782
43 1540
464 1072
1664 2638
3574 3875
3486 4929
1332 4206
4117 4509
1214 4849
1109 2693
610 2531
669 4074
864 4912
1142 4216
2673 3103
1802 4470
2640 3410
4732 4876
3501 4128
1045 1204
809 4702
1131 1311
1117 1969
1788 2467
908 3475
3940 4823
1401 2025
439 3688
251 3546
3279 3578
3608 4831
1790 4008
670 2236
2443 2894
2976 4131
2819 4937
1467 1510
1561 4201
1384 2423
262 2414
2432 4754
3659 3686
1333 2266
2830 4610
1638 3784
3094 4435
1234 2096
643 839
238 3877
3020 3190
1249 1850
470 3881
337 4744
3386 3480
2218 4051
2005 2043
1005 4680
2121 2518
4097 4118
1171 4472
430 2409
3086 3333
1892 4882
2389 4355
276 3711
3456 3925
458 3389
2243 2676
1425 4109
291 922
2035 3148
2403 2980
744 2951
2171 4544
2367 3801
1899 3982
1240 4724
1713 2310
552 3607
875 3644
2282 2480
642 2168
1763 4393
4429 4726
1511 1917
1490 3981
2758 4767
1307 3744
410 4601
217 3752
366 4984
2645 3448
765 4096
1516 4545
1165 1686
1424 2160
1751 3024
25 2080
557 4987
1164 4953
2950 3423
683 1528
2109 4434
3780 4888
746 4026
2956 3116
2105 4551
2469 2746
919 3626
1945 4116
2911 3156
2797 3121
719 4104
504 4346
1935 3663
830 1694
77 2708
1883 3836
356 501
1173 4487
1029 4450
2012 3672
2488 3828
1699 3424
130 3361
737 1775
354 377
61 3503
108 405
1040 1746
3712 4810
2165 2929
261 3440
487 4933
566 4621
989 3140
112 4293
1606 4825
1122 4144
423 3788
2075 4189
2426 4474
333 2632
1710 4577
1202 3560
134 3737
1618 2304
3611 4608
1834 3007
188 3053
4371 4738
1554 3191
775 4944
418 3059
2924 4231
2697 4020
345 1895
2734 4208
1932 4443
985 4292
3605 4965
4306 4353
1093 2079
3837 3887
533 920
2565 4666
661 2534
1836 2287
239 2481
381 4892
1255 3484
411 4968
1622 1908
3588 4685
3339 4915
68 2872
936 2024
3989 4820
363 595
192 4404
295 2883
200 3316
2437 4716
1098 3198
2337 2765
1094 2325
2781 2902
584 3965
2498 3101
1671 2592
3894 4504
2515 2820
689 3016
1246 1416
1283 1804
4538 4956
3939 4546
1843 2149
184 3841
2588 3068
198 3385
413 3494
424 2829
2838 2994
546 3932
4045 4584
1738 4910
3967 4606
2701 3195
3179 3928
12 4567
395 685
3314 3621
78 1509
431 1175
374 752
332 4383
2550 4402
1729 4518
2379 4309
671 3146
3000 4046
3023 3698
326 3971
1833 3351
3956 4040
350 697
1178 1810
257 4196
445 1172
2514 4334
3247 4349
454 3921
1053 1700
949 3250
3426 3652
1364 4372
1801 4642
2269 4179
93 180
1677 4792
2273 4230
399 981
1485 4489
3017 3272
209 2613
1043 3936
1534 3304
223 3756
2621 4362
1233 2810
4523 4591
2512 3845
1129 4768
1312 3504
3525 4275
2334 3854
1024 4809
1654 4616
795 1295
229 4053
2910 4713
340 3867
1042 4647
3706 4212
2658 4932
1346 3311
2332 2560
2589 2866
240 2938
1463 2905
2211 3858
2212 2961
4217 4368
2997 3910
1013 1179
3586 4418
2003 3230
1251 3762
2158 4728
1322 1912
4058 4499
1570 2376
3816 4173
597 1752
1551 2762
380 3681
2125 4539
1931 2936
3582 3931
3871 3955
1813 3794
194 2489
2069 4408
3774 4425
3241 4887
3366 3564
2966 3640
2688 4407
1742 4280
2741 4320
793 1166
1739 3006
1806 4998
897 4392
1909 2843
1468 1609
2804 3723
4771 4905
568 4101
465 1565
644 4029
631 911
913 4061
678 1409
855 4310
2591 4242
385 2602
2570 4928
3422 3468
324 2247
2646 3847
4830 4973
755 1675
680 2601
2500 4899
1012 1785
904 2338
801 4153
3354 4164
2939 4858
2501 3926
2284 2649
1773 3786
1330 2572
2088 2945
1285 2581
1448 4620
4255 4923
4210 4958
703 1318
2071 3164
1537 3120
694 2557
2967 3104
895 1276
3679 4612
121 2365
882 1526
275 3505
550 3826
394 3253
2330 2988
4294 4711
2097 2126
1289 2554
4066 4793
1010 3950
145 4520
2374 3401
2899 3161
273 665
286 3047
915 2681
2067 3886
1999 4615
624 1643
3057 4776
3941 4245
3590 3804
1338 4535
2059 2504
2345 3618
49 4801
4198 4860
2774 3755
4284 4681
906 3923
1995 2375
2542 3213
867 4992
803 1538
3375 4012
2764 4093
538 1241
3728 4795
207 3321
2888 4345
2802 4797
218 4772
2333 4851
522 2609
225 4881
485 2969
2784 4975
3136 4833
1078 2970
471 4521
2293 4413
952 4491
270 2669
939 2793
1845 3732
4162 4836
1076 3530
4605 4856
4276 4341
616 4829
2532 3594
2086 4428
1596 3252
2060 2920
4547 4709
499 532
1732 4007
684 2941
234 3368
67 2396
1435 4232
2847 3026
2352 4492
2539 4571
4598 4951
1150 3370
2547 3962
3268 3559
1716 2366
997 3937
1861 4111
967 3238
4945 4961
880 2541
2091 4623
535 3938
1375 1414
348 4279
3149 3514
838 4439
1859 4223
4001 4589
336 4426
1515 1648
827 3363
1745 4178
1107 4406
1371 3469
998 3402
4363 4789
1331 3345
3109 4467
1896 4697
3491 4964
96 4790
30 1735
2058 2074
4034 4737
2454 4779
2690 4873
858 3533
789 4103
287 2484
812 1082
1697 3453
738 963
2992 3082
688 1091
925 3577
1832 3172
142 1841
1520 2027
166 2709
2986 3636
1986 2356
3045 3096
1480 2684
2061 2446
468 1205
72 1355
1257 1301
1901 2521
2776 4576
2368 2718
4325 4766
4508 4663
1549 3764
573 4723
7 378
3473 3855
174 3183
1433 2593
248 1539
3464 4267
127 3299
1741 3177
435 2615
1050 4335
1948 2783
2580 3528
2867 3623
2164 4741
232 4184
279 1984
290 4348
3797 3874
1002 2095
1839 2823
2916 3276
4254 4707
1796 1831
432 695
506 3813
2219 2296
558 1095
3824 4197
3288 4151
972 2942
534 3580
2408 3523
1208 3369
459 1223
2805 4451
2585 3277
3284 4811
3160 3933
3718 4195
890 3248
2251 4903
728 4226
1136 2796
1019 4125
360 521
495 4758
627 1064
215 1259
973 3391
1092 3347
650 4552
4024 4865
206 2227
947 2770
4086 4168
1527 4200
1061 4730
1722 2151
37 2913
13 2545
1505 3763
2528 3040
2240 4777
2682 4475
2711 3046
1922 3890
2213 2399
1761 2778
1619 4659
1030 3669
1220 3906
4260 4917
253 2816
2523 3839
1195 3843
1563 3544
611 2395
16 2301
115 4068
2346 3568
313 2118
2175 4934
1411 3187
3522 4877
713 4252
1144 2238
1343 3445
2881 4249
1762 2893
42 2603
2421 4638
3340 4749
629 4980
412 3308
1652 2520
498 2759
1037 3853
2503 3653
2336 3785
968 1747
583 1236
2137 4717
2686 4315
1088 2809
1953 3741
483 4908
786 1217
453 562
379 2923
1184 3455
1938 3452
14 3052
681 927
698 1939
2856 3151
3904 4420
1489 2705
2267 3918
1084 4307
2239 3694
151 4305
1920 1937
2477 2769
4088 4755
2199 2203
656 4505
721 3073
406 4553
282 3783
434 1481
1386 3693
2821 3393
1034 3331
2407 3083
2116 4667
3979 4705
2777 4569
3443 4495
835 1269
1113 4557
1041 4502
1594 1658
842 3089
1556 4209
1444 3181
1455 1828
1514 3602
845 3044
578 3235
1337 4911
2119 4460
1662 3754
1153 3278
824 2661
959 3237
1585 2154
1910 4562
1133 1261
153 2450
658 3337
414 1737
707 3131
3865 4479
2320 4303
551 2271
1625 4411
2744 3098
2319 3132
4204 4906
3295 4688
3502 3550
235 576
3184 4227
392 4136
2054 2525
452 976
1394 4417
1158 4653
1994 4699
1181 4076
1621 2231
3944 4614
528 1169
1960 4326
3290 3609
817 2544
1532 2463
2473 4736
768 1673
111 3909
3012 3846
1143 4660
3425 4919
899 2605
2620 2978
2533 3584
1216 4527
1597 1626
1437 2150
1592 1798
1118 2636
320 3516
0
